Days	2019-11-30	2019-12-01	2019-12-02	2019-12-03	2019-12-04	2019-12-05	2019-12-06	2019-12-07	2019-12-08	2019-12-09	2019-12-10	2019-12-11	2019-12-12	2019-12-13	2019-12-14	2019-12-15
SHAW	1	1	1	1	1	1	1	1	1	1	1	2	1	1	1	1
TELUS	2	2	2	2	2	2	2	3	2	2	2	1	2	3	3	2
UVIC-AS	0	0	0	6	0	0	0	2	4	0	0	0	0	0	0	0
UCB	0	0	0	0	0	0	0	0	9	6	3	3	3	2	2	3
COMCAST-7922	3	5	11	8	13	11	10	11	12	12	14	10	11	8	13	10
LIQUIDWEB	0	3	4	0	4	0	6	0	3	3	0	5	0	4	0	4
MobileOne	0	0	3	13	3	0	0	0	0	0	0	0	0	0	0	0
GOOGLE	7	4	5	3	6	5	8	7	8	8	9	11	7	5	4	8
AMAZON	16	0	10	7	10	3	9	15	18	10	11	13	5	9	14	18
Chinanet	12	10	8	5	9	7	3	6	7	7	5	19	8	12	15	11
MICROSOFT	4	6	6	4	8	8	7	5	6	5	6	6	6	6	6	6
Verein	0	0	0	0	0	4	4	0	0	0	0	0	0	0	0	0
ROGERS	11	7	13	11	12	12	5	4	5	13	17	9	12	11	10	12
Hetzner	0	0	0	0	0	17	19	17	14	4	0	0	0	0	17	0
USASK	0	0	0	0	0	0	0	0	0	0	4	0	0	0	0	0
COGENT-174	0	9	20	0	0	0	0	0	0	0	0	4	0	19	0	0
AHS	20	0	0	12	15	9	20	0	0	0	15	14	4	17	0	0
BACOM	5	12	17	15	11	10	11	12	11	11	18	12	13	10	8	17
LESNET	0	0	0	0	5	0	0	0	16	0	0	0	0	0	0	0
OVH	8	13	0	18	7	6	16	14	0	14	10	8	9	7	5	9
PERFORMIVE	6	16	12	14	14	0	13	0	10	16	7	18	16	18	0	5
M247	0	0	7	0	0	13	0	0	0	0	0	20	0	0	0	0
Africa-on-Cloud-AS	0	0	0	0	0	0	0	0	0	0	0	7	0	0	0	0
Globe	0	0	0	0	0	0	0	13	0	0	0	0	0	0	7	0
NVIDIA	0	15	19	20	0	0	0	0	0	0	0	0	0	0	0	7
CBC-ASN-CANADIAN-BROADCASTING-CORPORATION	9	8	15	0	0	0	0	0	0	0	0	0	0	0	0	0
Interhost	0	0	0	0	0	0	0	8	0	0	0	0	0	0	0	0
CHINA	0	0	0	19	18	19	12	9	17	9	8	0	0	0	9	14
DIGITALOCEAN-ASN	0	0	9	0	0	0	0	0	0	0	0	0	0	0	0	0
APPLE	0	18	16	9	16	14	0	0	0	0	12	0	0	0	0	20
INTERNET-ARCHIVE	10	0	0	0	0	0	0	0	0	0	0	0	0	0	0	0
FACEBOOK	15	19	14	10	17	18	14	18	20	20	0	0	18	0	0	0
UUNET	0	0	0	0	0	0	0	10	13	17	0	0	0	0	18	19
Jisc	0	0	0	0	0	0	0	0	0	19	0	0	10	14	0	0
i3D.net	18	11	0	0	0	20	0	0	0	0	0	0	0	0	0	15
Taiwan	0	0	0	0	0	0	0	0	0	0	0	0	0	0	11	0
Suniway	0	0	0	0	0	0	0	0	0	0	0	0	0	0	12	0
VPLS	13	0	0	0	0	0	0	0	0	0	0	0	0	0	0	0
OKSTATE	0	0	0	0	0	0	0	0	0	0	13	0	0	0	0	0
HURRICANE	0	0	0	0	0	0	0	0	0	0	0	16	19	13	0	0
SFU-AS	0	0	0	0	0	0	0	0	0	0	0	0	0	0	0	13
NETSEC	14	0	0	0	0	0	0	0	0	0	0	0	0	0	0	0
"Smart	0	14	0	0	0	0	0	0	0	0	0	0	0	0	0	0
SunValley	0	0	18	0	0	0	0	0	0	0	0	0	14	0	0	0
Virgin	0	0	0	0	0	15	0	0	0	0	19	0	0	0	0	0
CIPHERKEY	0	0	0	0	0	0	15	0	0	0	0	0	0	0	0	0
ESECUREDATA	0	0	0	0	0	0	0	0	15	0	0	0	0	0	0	0
24SHELLS	0	0	0	0	0	0	0	0	0	15	0	0	0	0	0	0
HUAWEI	0	0	0	0	0	0	0	0	0	0	0	15	0	0	0	0
ISP/IXP	0	0	0	0	0	0	0	0	0	0	0	0	15	0	0	0
UDELNET	0	0	0	0	0	0	0	0	0	0	0	0	0	15	0	0
SWITCH	0	0	0	16	0	0	0	0	0	0	0	0	0	0	0	0
AS40676	0	0	0	0	19	16	0	0	0	0	0	0	0	0	0	0
Vodafone	0	0	0	0	0	0	0	16	0	0	0	0	0	0	0	0
45.195.93.0	0	0	0	0	0	0	0	0	0	0	16	17	0	0	0	0
Rostelecom	0	0	0	0	0	0	0	0	0	0	0	0	0	16	0	0
Telgua	0	0	0	0	0	0	0	0	0	0	0	0	0	0	16	0
ATT-INTERNET4	17	0	0	0	0	0	0	0	0	0	0	0	0	0	0	16
Voxility	0	17	0	0	0	0	0	0	0	0	0	0	0	0	0	0
NLM-GW	0	0	0	17	0	0	0	0	0	0	0	0	0	0	0	0
"Tencent	0	0	0	0	0	0	17	0	0	0	0	0	0	0	0	0
BHN-33363	0	0	0	0	0	0	0	0	0	0	0	0	17	0	0	0
CANET-ASN-4	0	0	0	0	0	0	18	0	0	0	0	0	0	0	0	0
COLORADOSTATEUNIV	0	0	0	0	0	0	0	0	0	18	0	0	0	0	0	0
DataWeb	19	0	0	0	0	0	0	0	0	0	0	0	0	0	0	0
Deutsche	0	0	0	0	0	0	0	19	0	0	0	0	0	0	0	0
XNNET	0	0	0	0	0	0	0	0	19	0	0	0	0	0	0	0
CODE42	0	0	0	0	0	0	0	0	0	0	0	0	0	0	19	0
ASN-GIGENET	0	20	0	0	0	0	0	0	0	0	0	0	0	0	0	0
WorldStream	0	0	0	0	20	0	0	0	0	0	0	0	0	0	0	0
Extreme	0	0	0	0	0	0	0	20	0	0	0	0	0	0	0	0
SSC-299-25689	0	0	0	0	0	0	0	0	0	0	20	0	0	0	0	0
Datacamp	0	0	0	0	0	0	0	0	0	0	0	0	20	20	0	0
10.90.65.0	0	0	0	0	0	0	0	0	0	0	0	0	0	0	20	0
