Days NETFLIX APPLE AKAMAI CANARIE GOOGLE LEVEL3 FACEBOOK AMAZON MICROSOFT DROPBOX FASTLY EDGECAST SHAW TEKSAVVY HIGHWINDS LLNW BCNET-AS QUANTILNETWORKS TWITCH VALVE-CORPORATION CLOUDFLARENET 193.182.9.0 HURRICANE UVIC-AS BACOM "Tencent TELUS
2019-11-30 1 6 2 4 3 5 7 8 10 9 11 12 0 16 14 13 0 17 18 15 19 0 20 0 0 0 0
2019-12-01 1 5 2 4 3 8 6 7 9 15 10 12 20 11 16 13 0 14 18 0 17 0 19 0 0 0 0
2019-12-02 1 5 2 4 3 10 6 7 8 12 9 13 11 16 14 15 0 20 18 0 17 19 0 0 0 0 0
2019-12-03 1 5 2 3 4 10 6 8 7 16 9 11 12 13 14 15 0 0 17 0 18 19 0 0 20 0 0
2019-12-04 1 6 2 4 3 12 5 8 7 17 9 10 11 14 13 16 0 20 15 0 18 19 0 0 0 0 0
2019-12-05 1 7 2 3 4 10 5 6 8 14 9 11 13 15 12 16 0 19 17 0 20 18 0 0 0 0 0
2019-12-06 1 5 2 3 4 10 6 7 8 15 9 11 12 17 13 14 0 20 16 0 19 18 0 0 0 0 0
2019-12-07 1 5 2 3 4 10 6 7 8 0 9 12 17 11 15 13 0 16 14 0 0 20 18 19 0 0 0
2019-12-08 1 6 4 2 3 8 5 7 9 0 10 12 13 11 15 16 0 17 14 0 0 18 19 0 0 20 0
2019-12-09 1 5 3 4 2 12 6 7 8 15 9 11 10 20 14 17 13 19 16 0 0 18 0 0 0 0 0
2019-12-10 1 4 2 5 3 10 7 8 6 13 12 9 11 15 14 18 0 20 16 0 19 17 0 0 0 0 0
2019-12-11 2 1 3 5 4 11 7 8 6 13 10 9 12 0 14 15 0 0 16 17 19 18 0 0 0 0 20
2019-12-12 1 3 2 5 4 11 6 7 8 13 9 10 14 17 12 15 0 19 16 0 0 20 18 0 0 0 0
2019-12-13 1 2 4 5 3 13 6 7 8 17 9 10 14 12 11 15 0 18 16 0 0 20 19 0 0 0 0
2019-12-14 1 3 2 5 4 10 6 7 8 0 9 12 15 17 11 13 0 16 14 0 0 19 18 0 0 20 0
2019-12-15 1 5 3 2 4 8 6 7 10 19 9 11 13 18 14 12 0 16 15 0 0 20 17 0 0 0 0
