Days 2019-11-30 2019-12-01 2019-12-02 2019-12-03 2019-12-04 2019-12-05 2019-12-06 2019-12-07 2019-12-08 2019-12-09 2019-12-10 2019-12-11 2019-12-12 2019-12-13 2019-12-14 2019-12-15
tcp/443 1 1 1 1 1 1 1 1 1 1 2 1 1 2 2 2
tcp/80 2 2 2 2 3 4 2 2 2 2 1 2 2 1 1 1
tcp/22 8 3 4 4 2 3 4 7 4 4 9 5 8 4 8 3
udp/16393 3 4 3 3 4 2 3 4 3 3 5 3 4 3 3 5
tcp/52830 0 0 0 0 0 0 0 3 0 0 0 0 0 0 0 0
tcp/10443 4 5 5 5 5 5 6 6 5 5 3 4 3 5 5 4
udp/3283 5 6 6 6 7 6 5 5 6 6 4 6 5 6 4 6
udp/1900 6 0 0 0 8 7 0 0 0 9 8 0 0 0 0 0
tcp/42688 0 0 0 0 6 0 0 0 0 0 0 0 0 0 0 0
udp/64916 14 0 8 16 10 11 8 11 15 8 6 9 12 11 10 11
tcp/18233 0 0 0 10 0 8 0 0 0 7 0 0 6 0 0 0
udp/3702 7 7 9 13 19 9 7 8 10 12 7 8 11 8 6 8
udp/58541 0 0 7 0 0 0 0 0 0 0 0 0 0 0 0 0
tcp/51342 0 0 0 7 0 0 0 0 0 0 0 0 0 0 0 0
tcp/35288 0 0 0 0 0 0 0 0 7 0 0 0 0 0 0 0
udp/1863 0 9 12 11 0 0 9 10 17 14 14 7 0 9 18 7
udp/13647 0 0 0 0 0 0 0 0 0 0 0 0 7 0 0 0
tcp/51413 0 0 0 0 0 0 0 0 0 0 0 0 0 7 7 0
udp/59040 0 8 0 0 0 0 0 0 0 0 0 0 0 0 0 0
udp/7273 0 0 0 8 0 0 0 0 0 0 16 0 0 0 0 0
udp/64409 0 0 0 0 0 0 0 0 8 0 0 0 0 0 0 0
udp/56954 9 0 0 0 0 0 0 0 0 0 0 0 0 0 0 0
udp/49005 0 10 13 9 0 0 0 0 11 18 0 18 19 0 0 9
udp/1194 0 0 0 0 9 0 0 0 0 0 0 0 0 0 0 0
tcp/38094 0 0 0 0 0 0 0 9 0 0 0 0 0 0 0 0
tcp/56966 0 0 0 0 0 0 0 0 9 0 0 0 0 0 0 0
udp/63384 0 0 0 0 0 0 0 0 0 0 0 0 9 0 0 0
udp/49181 0 0 0 0 0 0 0 0 0 0 0 0 0 0 9 0
tcp/1935 10 0 11 0 13 20 0 12 0 10 11 12 10 0 0 0
tcp/37860 0 0 10 0 0 0 0 0 0 0 0 0 0 0 0 0
tcp/55381 0 0 0 0 0 10 0 0 0 0 0 0 0 0 0 0
tcp/57160 0 0 0 0 0 0 10 0 0 0 0 0 0 0 0 0
tcp/548 13 0 19 0 20 0 0 0 0 0 10 0 17 0 12 18
udp/5093 0 0 0 0 0 0 0 0 0 0 20 10 15 10 15 0
udp/4500 0 11 0 0 0 0 0 0 0 0 0 0 0 0 0 10
udp/58500 11 0 0 0 0 0 0 0 0 0 0 0 0 0 0 0
udp/65407 0 0 0 0 11 0 0 0 0 0 0 0 0 0 0 0
udp/61936 0 0 0 0 0 0 11 0 0 0 0 0 0 0 0 0
udp/16395 12 14 14 17 0 16 13 15 13 11 0 0 14 12 13 14
tcp/36200 0 0 0 0 0 0 0 0 0 0 0 11 0 0 0 0
tcp/49331 0 0 0 0 0 0 0 0 0 0 0 0 0 0 11 0
udp/63169 0 12 0 0 0 0 0 0 0 0 0 0 0 0 0 0
tcp/50516 0 0 0 12 0 0 0 0 0 0 0 0 0 0 0 0
udp/16394 0 16 0 0 12 15 12 0 0 0 0 17 0 0 20 0
udp/64974 0 0 0 0 0 12 0 16 0 0 0 0 0 0 0 0
udp/41562 0 0 0 0 0 0 0 0 12 0 0 0 0 0 0 0
udp/8087 0 0 15 0 0 0 0 0 0 0 12 0 0 0 0 0
udp/57123 0 0 0 0 0 0 0 0 0 0 0 0 0 0 0 12
udp/63764 0 13 0 0 0 0 0 0 0 0 0 0 0 0 0 0
udp/62461 0 0 0 0 0 13 0 0 0 0 0 0 0 0 0 0
udp/1864 0 0 0 0 0 0 0 13 0 0 0 0 0 0 0 0
udp/57439 0 0 0 0 0 0 0 0 0 13 0 0 0 0 0 0
tcp/53366 0 0 0 0 0 0 0 0 0 0 13 0 0 0 0 0
udp/57559 0 0 0 0 0 0 0 0 0 0 0 13 0 0 0 0
udp/60346 0 0 0 0 0 0 0 0 0 0 0 0 13 0 0 0
udp/65250 0 0 0 0 0 0 0 0 0 0 0 0 0 13 0 0
udp/57322 0 0 0 0 0 0 0 0 0 0 0 0 0 0 0 13
tcp/57097 0 0 0 14 0 0 0 0 0 0 0 0 0 0 0 0
tcp/44186 0 0 0 0 14 0 0 0 0 0 0 0 0 0 0 0
tcp/13389 0 0 0 0 0 14 20 0 0 0 0 0 0 0 0 0
tcp/60434 0 0 0 0 0 0 14 0 0 0 0 0 0 0 0 0
udp/16402 18 20 0 0 0 0 0 14 19 0 0 16 0 0 0 0
tcp/50942 0 0 0 0 0 0 0 0 14 0 0 0 0 0 0 0
udp/59496 0 0 0 0 0 0 0 0 0 0 0 14 0 0 0 0
udp/63616 0 0 0 0 0 0 0 0 0 0 0 0 0 14 0 0
udp/61341 0 0 0 0 0 0 0 0 0 0 0 0 0 0 14 0
udp/52745 15 0 0 0 0 0 0 0 0 0 0 0 0 0 0 0
tcp/55324 0 15 0 0 0 0 0 0 0 0 0 0 0 0 0 0
udp/62347 0 0 0 15 0 0 0 0 0 0 0 0 0 0 0 0
udp/55399 0 0 0 0 15 0 0 0 0 0 0 0 0 0 0 0
tcp/62284 0 0 0 0 0 0 15 0 0 0 0 0 0 0 0 0
udp/59873 0 0 0 0 0 0 0 0 0 15 0 0 0 0 0 0
udp/61610 0 0 0 0 0 0 0 0 0 0 15 0 0 0 0 0
udp/35282 0 0 0 0 0 0 0 0 0 0 0 15 0 0 0 0
udp/62677 0 0 0 0 0 0 0 0 0 0 0 0 0 15 0 0
tcp/61405 0 0 0 0 0 0 0 0 0 0 0 0 0 0 0 15
udp/40905 16 0 0 0 0 0 0 0 0 0 0 0 0 0 0 0
tcp/36508 0 0 16 0 0 0 0 0 0 0 0 0 0 0 0 0
tcp/50038 0 0 0 0 16 0 0 0 0 0 0 0 0 0 0 0
udp/63791 0 0 0 0 0 0 16 0 0 0 0 0 0 0 0 0
udp/51457 0 0 0 0 0 0 0 0 16 0 0 0 0 0 0 0
udp/43677 0 0 0 0 0 0 0 0 0 16 0 0 0 0 0 0
udp/55873 0 0 0 0 0 0 0 0 0 0 0 0 16 0 0 0
udp/51830 0 0 0 0 0 0 0 0 0 0 0 0 0 16 0 0
udp/51413 0 0 0 0 0 0 0 0 0 0 0 0 0 0 16 0
udp/58149 0 0 0 0 0 0 0 0 0 0 0 0 0 0 0 16
udp/50463 17 0 0 0 0 0 0 0 0 0 0 0 0 0 0 0
udp/62279 0 17 0 0 0 0 0 0 0 0 0 0 20 0 0 0
udp/63142 0 0 17 0 0 0 0 0 0 0 0 0 0 0 0 0
tcp/44888 0 0 0 0 17 0 0 0 0 0 0 0 0 0 0 0
udp/62744 0 0 0 0 0 17 0 0 0 0 0 0 0 0 0 0
udp/50390 0 0 0 0 0 0 17 0 0 0 0 0 0 0 0 0
udp/62094 0 0 0 0 0 0 0 17 0 0 0 0 0 0 0 0
udp/16297 0 0 0 0 0 0 0 0 0 17 0 0 0 0 0 0
udp/65027 0 0 0 0 0 0 0 0 0 0 17 0 0 0 0 0
tcp/55672 0 0 0 0 0 0 0 0 0 0 0 0 0 17 0 0
udp/51148 0 0 0 0 0 0 0 0 0 0 0 0 0 0 17 0
udp/33390 0 0 0 0 0 0 0 0 0 0 0 0 0 0 0 17
udp/64210 0 18 0 0 0 0 0 0 0 0 0 0 0 0 0 0
tcp/39488 0 0 18 0 0 0 0 0 0 0 0 0 0 0 0 0
udp/59207 0 0 0 18 0 0 0 0 0 0 0 0 0 0 0 0
tcp/52954 0 0 0 0 18 0 0 0 0 0 0 0 0 0 0 0
tcp/5061 0 0 0 0 0 18 0 0 0 19 0 20 0 0 0 19
udp/40704 0 0 0 0 0 0 18 0 0 0 0 0 0 0 0 0
udp/64103 0 0 0 0 0 0 0 18 0 0 0 0 0 0 0 0
udp/54886 0 0 0 0 0 0 0 0 18 0 0 0 0 0 0 0
tcp/58441 0 0 0 0 0 0 0 0 0 0 18 0 0 0 0 0
udp/55175 0 0 0 0 0 0 0 0 0 0 0 0 18 0 0 0
udp/63946 0 0 0 0 0 0 0 0 0 0 0 0 0 18 0 0
tcp/20014 19 0 0 0 0 0 0 0 0 0 0 0 0 0 0 0
udp/61710 0 19 0 0 0 0 0 0 0 0 0 0 0 0 0 0
udp/18222 0 0 0 19 0 0 0 0 0 0 0 0 0 0 0 0
udp/55959 0 0 0 0 0 19 0 0 0 0 0 0 0 0 0 0
udp/52149 0 0 0 0 0 0 19 0 0 0 0 0 0 0 0 0
udp/40559 0 0 0 0 0 0 0 19 0 0 0 0 0 0 0 0
udp/42776 0 0 0 0 0 0 0 0 0 0 19 0 0 0 0 0
udp/11239 0 0 0 0 0 0 0 0 0 0 0 19 0 0 0 0
udp/64300 0 0 0 0 0 0 0 0 0 0 0 0 0 19 0 0
udp/50974 0 0 0 0 0 0 0 0 0 0 0 0 0 0 19 0
udp/9304 20 0 0 0 0 0 0 0 0 0 0 0 0 0 0 0
udp/21806 0 0 20 0 0 0 0 0 0 0 0 0 0 0 0 0
udp/43076 0 0 0 20 0 0 0 0 0 0 0 0 0 0 0 0
tcp/64402 0 0 0 0 0 0 0 20 0 0 0 0 0 0 0 0
tcp/40110 0 0 0 0 0 0 0 0 20 0 0 0 0 0 0 0
udp/55018 0 0 0 0 0 0 0 0 0 20 0 0 0 0 0 0
udp/64595 0 0 0 0 0 0 0 0 0 0 0 0 0 20 0 0
tcp/9000 0 0 0 0 0 0 0 0 0 0 0 0 0 0 0 20
