time	OOO_SibirInvest	MAJESTIC_HOSTING_01	SIA_IT_Services	_45_136_111_0	RETHEMHOSTING	RM_Engineering_LLC	IP_Volume_inc	PE_Ivanov_Vitaliy_Sergeevich	OOO_Network_of_data_centers_Selectel	JSC_The_First	Romanenko_Stanislav_Sergeevich	KINX	VNPT_Corp	_45_136_108_0	Dm_Auto_Eood	RN_Data_SIA	ABC_Consultancy	CT_HangZhou_IDC	TimeWeb_Ltd_	_185_175_93_0	Veles_LLC	Zomro_B_V_	OVH_SAS
2019-11-30 01:00:00	-100000000	-100000000	-100000000	-100000000	-100000000	-100000000	-100000000	-100000000	-100000000	-100000000	-100000000	-100000000	-100000000	-100000000	-100000000	-100000000	-100000000	-100000000	-100000000	-100000000	-100000000	-100000000	-100000000
2019-12-01 01:00:00	-100000000	-100000000	-100000000	-100000000	-100000000	-100000000	-100000000	-100000000	-100000000	-100000000	-100000000	-100000000	-100000000	-100000000	-100000000	-100000000	-100000000	-100000000	-100000000	-100000000	-100000000	-100000000	-100000000
2019-12-02 01:00:00	27849823	25698508	-100000000	-100000000	-100000000	-100000000	-100000000	-100000000	-100000000	-100000000	-100000000	-100000000	-100000000	-100000000	-100000000	-100000000	-100000000	-100000000	-100000000	-100000000	-100000000	-100000000	-100000000
2019-12-03 01:00:00	72976633	71159957	2832857	-100000000	-100000000	-100000000	-100000000	-100000000	-100000000	-100000000	-100000000	-100000000	-100000000	-100000000	-100000000	-100000000	-100000000	-100000000	-100000000	-100000000	-100000000	-100000000	-100000000
2019-12-04 01:00:00	-100000000	-100000000	-100000000	36490490	-100000000	-100000000	-100000000	-100000000	-100000000	-100000000	-100000000	-100000000	-100000000	-100000000	-100000000	-100000000	-100000000	-100000000	-100000000	-100000000	-100000000	-100000000	-100000000
2019-12-05 01:00:00	-100000000	-100000000	-100000000	-100000000	8475114	6734647	-100000000	-100000000	-100000000	-100000000	-100000000	-100000000	-100000000	-100000000	-100000000	-100000000	-100000000	-100000000	-100000000	-100000000	-100000000	-100000000	-100000000
2019-12-06 01:00:00	-100000000	-100000000	-100000000	-100000000	-100000000	-100000000	-100000000	-100000000	-100000000	-100000000	-100000000	-100000000	-100000000	-100000000	-100000000	-100000000	-100000000	-100000000	-100000000	-100000000	-100000000	-100000000	-100000000
2019-12-07 01:00:00	-100000000	30203096	-100000000	-100000000	-100000000	-100000000	13465308	5348866	-100000000	-100000000	-100000000	-100000000	-100000000	-100000000	-100000000	-100000000	-100000000	-100000000	-100000000	-100000000	-100000000	-100000000	-100000000
2019-12-08 01:00:00	-100000000	-100000000	-100000000	-100000000	-100000000	24943150	-100000000	-100000000	-100000000	-100000000	-100000000	-100000000	-100000000	-100000000	-100000000	-100000000	-100000000	-100000000	-100000000	-100000000	-100000000	-100000000	-100000000
2019-12-09 01:00:00	-100000000	-100000000	-100000000	-100000000	-100000000	-100000000	-100000000	-100000000	-100000000	-100000000	-100000000	-100000000	-100000000	-100000000	-100000000	-100000000	-100000000	-100000000	-100000000	-100000000	-100000000	-100000000	-100000000
2019-12-10 01:00:00	-100000000	34393538	-100000000	-100000000	-100000000	-100000000	-100000000	-100000000	10269576	5095716	-100000000	-100000000	-100000000	-100000000	-100000000	-100000000	-100000000	-100000000	-100000000	-100000000	-100000000	-100000000	-100000000
2019-12-11 01:00:00	-100000000	74512121	-100000000	-100000000	-100000000	-100000000	-100000000	-100000000	-100000000	-100000000	12415310	-100000000	-100000000	-100000000	-100000000	-100000000	-100000000	-100000000	-100000000	-100000000	-100000000	-100000000	-100000000
2019-12-12 01:00:00	-100000000	-100000000	-100000000	-100000000	-100000000	-100000000	-100000000	-100000000	-100000000	-100000000	-100000000	-100000000	-100000000	-100000000	-100000000	-100000000	-100000000	-100000000	-100000000	-100000000	-100000000	-100000000	-100000000
2019-12-13 01:00:00	-100000000	-100000000	-100000000	-100000000	-100000000	-100000000	-100000000	-100000000	-100000000	-100000000	-100000000	-100000000	-100000000	-100000000	-100000000	-100000000	-100000000	-100000000	-100000000	-100000000	-100000000	-100000000	-100000000
2019-12-14 01:00:00	100397375	-100000000	-100000000	-100000000	-100000000	26694549	-100000000	-100000000	-100000000	-100000000	-100000000	-100000000	-100000000	-100000000	-100000000	-100000000	-100000000	-100000000	-100000000	-100000000	-100000000	-100000000	-100000000
2019-12-15 01:00:00	-100000000	-100000000	5747774	-100000000	-100000000	-100000000	-100000000	-100000000	-100000000	-100000000	-100000000	-100000000	-100000000	-100000000	-100000000	-100000000	-100000000	-100000000	-100000000	-100000000	-100000000	-100000000	-100000000
2019-12-16 01:00:00	-100000000	-100000000	-100000000	-100000000	-100000000	-100000000	-100000000	-100000000	-100000000	-100000000	-100000000	63711693	5178363	-100000000	-100000000	-100000000	-100000000	-100000000	-100000000	-100000000	-100000000	-100000000	-100000000
2019-12-17 01:00:00	-100000000	-100000000	-100000000	-100000000	-100000000	-100000000	-100000000	-100000000	-100000000	-100000000	-100000000	147645029	-100000000	-100000000	-100000000	-100000000	-100000000	-100000000	-100000000	-100000000	-100000000	-100000000	-100000000
2019-12-18 01:00:00	-100000000	-100000000	-100000000	9880263	-100000000	11308659	-100000000	-100000000	9438134	-100000000	-100000000	-100000000	-100000000	24752521	-100000000	-100000000	-100000000	-100000000	-100000000	-100000000	-100000000	-100000000	-100000000
2019-12-19 01:00:00	-100000000	-100000000	-100000000	-100000000	-100000000	-100000000	-100000000	-100000000	-100000000	-100000000	-100000000	-100000000	-100000000	-100000000	9149359	-100000000	-100000000	-100000000	-100000000	-100000000	-100000000	-100000000	-100000000
2019-12-20 01:00:00	-100000000	-100000000	-100000000	-100000000	14666304	-100000000	-100000000	-100000000	-100000000	-100000000	-100000000	-100000000	-100000000	-100000000	-100000000	8089759	6170270	-100000000	-100000000	-100000000	-100000000	-100000000	-100000000
2019-12-21 01:00:00	-100000000	-100000000	-100000000	-100000000	-100000000	11480760	-100000000	-100000000	-100000000	-100000000	-100000000	-100000000	-100000000	-100000000	-100000000	-100000000	-100000000	4068827	-100000000	-100000000	-100000000	-100000000	-100000000
2019-12-22 01:00:00	-100000000	-100000000	-100000000	-100000000	-100000000	-100000000	-100000000	23931352	-100000000	-100000000	-100000000	-100000000	-100000000	-100000000	-100000000	-100000000	-100000000	-100000000	5945620	-100000000	-100000000	-100000000	-100000000
2019-12-23 01:00:00	-100000000	-100000000	-100000000	-100000000	-100000000	-100000000	98850798	94398400	-100000000	-100000000	-100000000	-100000000	-100000000	-100000000	-100000000	-100000000	12877174	-100000000	-100000000	-100000000	-100000000	-100000000	-100000000
2019-12-24 01:00:00	-100000000	75271808	-100000000	-100000000	-100000000	13057450	-100000000	-100000000	-100000000	-100000000	-100000000	-100000000	-100000000	-100000000	-100000000	-100000000	-100000000	-100000000	-100000000	12928373	-100000000	-100000000	-100000000
2019-12-25 01:00:00	-100000000	-100000000	-100000000	-100000000	-100000000	-100000000	-100000000	-100000000	22502890	-100000000	-100000000	-100000000	-100000000	-100000000	-100000000	-100000000	-100000000	-100000000	-100000000	81650621	250358564	-100000000	-100000000
2019-12-26 01:00:00	-100000000	-100000000	-100000000	-100000000	-100000000	-100000000	-100000000	-100000000	-100000000	-100000000	11102333	-100000000	-100000000	-100000000	-100000000	-100000000	-100000000	-100000000	-100000000	-100000000	-100000000	8482360	-100000000
2019-12-27 01:00:00	-100000000	-100000000	-100000000	-100000000	-100000000	11882353	-100000000	-100000000	-100000000	-100000000	-100000000	-100000000	-100000000	-100000000	-100000000	-100000000	-100000000	-100000000	-100000000	-100000000	-100000000	-100000000	-100000000
2019-12-28 01:00:00	-100000000	-100000000	-100000000	-100000000	-100000000	-100000000	-100000000	-100000000	-100000000	-100000000	-100000000	-100000000	-100000000	-100000000	-100000000	-100000000	-100000000	-100000000	-100000000	-100000000	-100000000	-100000000	-100000000
2019-12-29 01:00:00	-100000000	-100000000	-100000000	-100000000	-100000000	-100000000	-100000000	-100000000	-100000000	-100000000	-100000000	-100000000	-100000000	-100000000	-100000000	-100000000	-100000000	-100000000	-100000000	-100000000	-100000000	-100000000	-100000000
2019-12-30 01:00:00	85311182	-100000000	-100000000	-100000000	-100000000	11270293	-100000000	-100000000	-100000000	-100000000	-100000000	-100000000	-100000000	-100000000	-100000000	-100000000	-100000000	-100000000	-100000000	-100000000	-100000000	-100000000	14277100
2019-12-31 01:00:00	-100000000	-100000000	-100000000	-100000000	-100000000	-100000000	-100000000	-100000000	13828617	-100000000	-100000000	-100000000	-100000000	-100000000	-100000000	-100000000	-100000000	-100000000	-100000000	-100000000	-100000000	-100000000	-100000000
