Days 2019-12-01 2019-12-02 2019-12-03 2019-12-04 2019-12-05 2019-12-06 2019-12-07 2019-12-08 2019-12-09 2019-12-10 2019-12-11 2019-12-12 2019-12-13 2019-12-14 2019-12-15
53 1 1 1 1 1 1 1 1 1 1 1 1 1 1 1
5060 2 2 2 2 2 2 2 2 2 2 2 2 2 2 2
123 3 3 3 3 3 3 3 3 3 3 3 4 4 3 4
1900 4 4 5 5 4 5 5 4 8 5 4 3 3 4 3
3283 5 9 4 4 8 15 12 10 4 4 10 9 12 19 9
3702 8 7 10 9 7 4 17 5 6 6 5 5 5 8 7
389 18 6 8 6 6 9 4 6 5 9 6 10 6 5 5
161 7 5 6 7 5 6 6 7 7 7 7 8 10 10 10
11211 6 14 29 19 27 11 22 14 18 46 12 25 11 7 8
137 26 8 16 12 13 14 7 9 16 16 11 6 9 9 17
443 32 84 33 22 9 7 59 25 12 18 27 16 7 6 71
5683 29 16 13 31 12 17 14 15 10 14 8 7 8 16 6
520 11 50 7 38 19 49 29 38 29 58 34 42 25 29 36
24999 9 10 9 8 11 8 8 8 11 10 9 11 13 13 14
6881 14 13 26 17 29 16 26 29 35 8 23 31 30 22 29
24997 12 12 11 10 14 12 9 11 13 12 13 13 16 14 15
19 20 18 14 21 10 21 30 12 9 19 17 14 14 15 11
111 10 21 30 33 21 26 21 32 26 30 29 15 18 31 12
5070 90 0 0 87 49 10 0 28 17 88 21 45 0 79 0
17 25 24 18 28 24 41 10 23 25 15 54 89 20 85 23
623 16 11 28 25 16 30 11 21 24 27 16 21 26 27 19
53413 80 42 21 11 62 73 56 67 66 43 45 56 19 64 27
177 21 22 79 13 18 43 47 20 64 11 40 29 70 12 64
1434 31 19 22 24 25 18 13 24 27 22 20 23 21 11 13
10001 55 27 12 32 30 20 18 22 23 20 19 17 23 24 26
6279 15 17 15 15 17 19 16 16 14 13 15 12 17 17 20
1194 13 25 20 18 23 24 15 19 15 17 18 20 24 18 16
5080 0 0 0 0 0 13 94 0 0 0 0 0 0 0 0
5353 17 15 23 16 15 28 20 13 20 23 14 26 15 21 18
500 54 29 27 14 22 31 23 33 19 29 25 34 34 36 22
69 27 23 17 27 26 33 24 17 21 21 22 19 27 43 21
25000 24 28 24 20 28 27 19 18 22 24 24 32 28 25 24
47808 61 20 32 23 20 25 34 62 41 25 32 18 22 35 32
4500 19 0 0 37 51 72 0 0 0 0 0 0 0 0 0
5093 0 30 19 76 40 88 27 31 95 0 26 22 29 30 56
1701 0 0 0 0 85 0 0 0 0 44 0 27 0 20 45
5351 22 49 25 50 52 45 36 26 51 33 44 48 33 37 51
5066 0 0 0 0 0 22 0 0 0 80 35 0 0 0 0
514 23 31 40 29 37 32 53 27 70 28 0 40 97 32 91
5061 64 36 0 0 0 23 93 0 67 84 0 0 0 96 59
1604 81 61 44 58 65 35 54 64 40 26 39 43 47 23 34
27036 0 0 0 0 0 0 0 0 0 0 0 24 39 33 30
5062 42 0 0 0 0 61 25 68 88 86 0 30 0 95 55
27015 76 0 0 42 0 0 55 0 0 32 59 0 32 26 25
65476 0 26 0 90 0 0 0 0 62 0 99 0 0 44 0
88 0 0 0 26 69 77 0 43 0 57 63 0 90 0 35
25061 28 0 0 0 0 0 0 0 0 70 0 0 0 0 0
5094 0 69 0 0 0 0 28 0 0 0 0 62 0 40 0
37810 0 0 99 56 0 0 61 0 28 0 0 0 81 68 0
5063 0 79 0 0 0 55 0 0 0 79 28 0 0 93 57
5632 30 33 49 54 48 40 31 0 34 60 75 28 31 0 0
1025 66 0 51 62 82 0 41 0 42 40 0 38 0 28 87
7001 0 0 0 0 0 0 98 0 0 65 0 0 0 0 28
5000 0 0 0 0 0 29 0 0 0 0 0 0 0 0 0
6060 0 0 53 30 0 0 99 0 0 0 0 0 0 0 0
49153 0 0 90 0 68 0 0 30 30 0 95 60 0 0 0
5064 0 78 0 0 0 54 0 0 0 78 30 0 0 97 58
32414 0 0 31 46 0 0 0 0 0 0 0 0 0 63 0
80 60 0 34 0 31 0 32 0 39 42 0 72 0 34 0
17185 44 66 0 100 55 52 33 0 31 35 81 0 0 0 31
7777 99 65 50 92 0 83 0 73 94 31 90 69 56 88 69
5068 0 0 0 0 0 58 0 0 0 82 31 0 0 0 0
2362 0 32 0 72 0 0 68 0 0 0 0 33 86 0 98
998 0 0 52 0 32 0 95 0 91 0 84 0 61 84 0
5160 0 0 0 0 0 0 84 0 32 0 0 0 0 94 76
1157 33 0 0 85 0 0 0 69 0 56 0 47 82 0 0
162 86 0 36 0 33 0 51 0 68 0 37 44 0 38 0
5053 0 0 0 0 0 0 0 0 33 0 0 0 0 0 0
5065 0 0 0 0 0 56 0 0 0 87 33 0 0 0 0
27016 0 53 0 0 66 0 0 60 0 0 36 0 0 0 33
593 34 0 0 96 0 50 0 61 0 0 0 95 0 55 0
6525 74 34 0 0 0 0 0 0 0 0 0 0 0 0 0
1154 36 35 0 34 0 0 0 0 0 0 38 0 0 52 0
1026 0 0 74 0 34 0 43 75 0 77 0 35 68 0 48
2060 0 0 0 0 0 34 0 0 0 0 0 0 0 0 0
67 0 71 0 44 47 0 0 34 0 64 79 0 85 0 67
1719 0 72 0 78 39 0 0 35 0 34 70 0 92 0 38
1088 35 73 0 82 0 0 0 86 0 36 0 50 44 0 54
13647 65 43 35 88 0 0 0 0 0 91 49 0 0 0 0
5040 0 0 0 35 0 0 0 0 0 0 0 0 0 0 0
9 0 0 0 39 35 0 0 52 0 0 73 0 93 0 83
1062 0 0 39 0 61 0 35 0 0 0 0 0 50 0 0
523 56 39 38 61 57 71 40 39 53 49 52 58 35 57 52
5038 0 0 0 36 0 0 0 0 0 0 0 0 0 0 0
138 0 0 83 0 36 0 52 0 45 61 0 79 0 69 0
5020 0 0 0 0 0 36 0 0 0 0 0 0 0 0 0
13 0 0 92 0 0 0 0 36 0 0 0 88 0 0 0
648 0 0 46 0 0 0 0 0 36 0 67 0 62 0 0
1029 0 87 61 0 41 0 97 56 0 39 0 36 89 0 40
30718 0 0 0 0 72 78 0 0 0 0 0 0 36 0 0
1087 37 67 0 55 54 0 67 0 61 0 0 98 0 54 0
2302 0 37 0 0 0 0 60 0 0 0 0 82 0 0 0
1032 0 98 37 0 76 0 64 79 0 45 0 54 78 0 41
5090 0 0 0 0 0 37 0 0 0 0 0 39 0 0 0
1041 0 76 65 0 0 0 37 0 71 66 0 53 60 0 85
1045 0 92 0 59 0 0 0 37 0 95 78 0 80 0 43
1057 82 0 62 0 86 0 100 0 37 0 80 0 54 0 0
1064 40 0 0 57 0 0 76 0 52 37 0 99 0 89 81
1028 79 74 48 0 44 0 0 0 56 74 0 37 0 91 89
4070 0 0 0 0 0 81 0 0 0 0 0 0 37 0 99
1101 0 94 89 0 0 0 0 91 97 0 85 0 77 0 37
996 38 0 80 93 0 0 0 72 0 51 0 93 0 47 0
7779 0 38 56 84 0 47 71 90 79 63 65 61 52 86 62
997 0 0 63 0 38 46 0 87 0 52 76 0 75 0 0
5010 0 0 0 0 0 38 0 0 0 0 0 0 0 0 0
5051 0 0 0 0 0 0 38 0 0 0 0 0 0 0 0
2020 0 0 0 0 0 0 0 0 38 0 0 0 0 0 0
21025 98 0 0 47 0 0 44 0 0 38 0 0 45 0 0
1054 0 0 86 0 0 0 65 0 48 55 0 91 38 0 77
1069 39 68 0 48 0 0 0 0 74 89 0 0 0 66 0
2000 0 0 0 0 0 39 0 0 0 0 0 0 0 0 0
626 0 60 0 0 59 0 39 0 0 0 41 0 0 0 0
129 92 0 87 0 78 0 70 0 65 47 0 73 0 39 0
1284 0 88 88 0 64 0 0 51 92 0 57 0 91 0 39
139 41 40 0 0 0 62 0 89 0 48 0 49 76 0 0
1055 0 81 0 40 0 91 0 65 0 81 51 0 94 0 0
136 0 0 54 83 0 51 0 40 86 0 0 0 66 72 0
1027 0 86 77 0 45 0 0 74 78 0 92 0 40 77 88
7780 0 41 64 86 0 53 81 50 90 53 87 83 64 87 65
16403 0 64 41 49 67 75 0 99 0 0 0 0 0 0 0
1051 0 0 0 41 0 0 0 49 0 75 66 0 87 0 47
1030 0 0 0 69 95 0 0 41 0 0 74 0 69 0 66
515 63 0 97 52 100 95 0 71 0 41 62 0 43 0 0
10000 0 0 0 0 88 0 69 0 0 0 0 41 0 0 0
27018 85 0 0 0 0 0 0 0 0 0 0 0 41 0 0
3671 62 75 0 53 74 86 0 82 93 0 46 57 95 41 0
27017 0 0 42 0 0 74 0 0 0 0 0 0 84 0 73
518 0 0 82 0 42 0 49 0 75 0 58 68 0 73 0
158 0 0 66 77 0 42 0 58 0 0 83 0 48 80 0
999 73 0 58 60 0 0 42 0 55 59 0 100 0 51 0
120 100 0 84 94 96 85 0 42 96 0 0 0 74 78 0
9600 0 0 67 74 0 0 0 0 0 0 42 0 0 0 79
1083 0 0 73 0 0 0 0 76 81 0 0 0 42 0 53
4800 0 0 0 0 0 0 50 95 0 0 0 0 0 42 0
6144 0 0 0 0 0 0 0 0 0 0 0 0 0 0 42
1067 43 51 0 65 0 89 0 92 0 94 0 64 51 0 46
1068 0 0 43 0 50 0 0 0 89 0 0 0 49 0 0
1060 0 77 0 43 0 98 0 57 0 97 97 0 73 0 80
1022 0 0 81 0 43 0 0 83 0 92 96 0 65 0 50
1031 93 0 100 0 81 0 45 0 43 0 0 63 0 74 0
11560 0 0 0 0 0 0 0 0 0 0 43 0 0 0 0
7778 0 44 95 66 56 79 63 70 82 71 94 87 72 71 68
41794 0 0 0 0 75 44 0 0 0 0 0 0 0 0 86
68 78 0 96 89 0 97 0 44 76 0 91 85 0 81 0
8080 0 0 0 0 0 0 0 0 44 0 0 0 0 0 0
28015 0 0 71 0 0 76 0 0 46 0 0 46 0 0 44
1285 45 58 0 45 83 0 0 85 58 0 50 0 0 56 0
65090 0 45 0 0 0 0 0 0 0 0 0 0 0 0 0
1035 0 0 45 0 84 0 0 0 80 0 64 70 0 92 0
2095 0 0 0 0 0 0 0 45 0 0 0 0 0 0 0
49 58 0 60 99 0 0 46 0 83 72 0 0 0 45 0
1541 46 0 76 73 0 100 0 54 0 90 0 71 0 0 0
15091 0 46 0 0 0 0 0 0 0 0 0 0 0 0 0
1023 0 96 75 0 46 0 96 0 84 0 0 0 57 60 0
2082 0 0 0 0 0 0 0 46 0 0 0 0 0 0 0
135 0 63 0 64 0 94 0 80 0 50 0 55 46 0 0
6539 0 0 0 0 0 0 0 0 0 0 0 0 0 46 0
35060 47 0 0 0 0 0 0 0 98 0 0 0 0 61 0
25091 0 47 0 0 0 0 0 0 0 0 0 0 0 0 0
27020 0 0 47 0 0 0 0 0 0 0 53 0 0 0 60
2086 0 0 0 0 0 0 0 47 0 0 0 0 0 0 0
1046 0 0 59 0 91 0 66 0 47 0 47 84 0 0 0
45060 48 0 0 0 0 0 0 0 100 0 0 0 0 62 0
27019 0 48 0 0 0 87 0 0 0 93 0 0 0 0 0
1070 0 62 0 0 0 48 0 81 0 76 0 65 63 0 63
1047 0 97 85 0 90 0 48 0 87 0 0 51 53 0 78
1034 0 90 0 51 0 0 0 48 0 0 86 0 88 0 49
21026 0 85 0 0 77 0 0 66 0 0 48 0 0 0 0
6595 0 0 0 0 0 0 0 0 0 0 0 0 0 48 0
65060 49 0 0 0 0 0 0 0 0 0 0 0 0 82 0
427 0 0 0 0 60 0 0 0 49 0 0 0 0 0 0
8417 0 0 0 0 0 0 0 0 0 0 0 0 0 49 0
55060 50 0 0 0 0 0 0 0 99 0 0 0 0 83 0
9090 0 0 0 0 0 0 0 0 50 0 0 0 0 0 0
1659 0 0 0 0 0 0 0 0 0 0 0 0 0 50 0
25060 51 0 0 0 0 0 0 0 0 0 0 0 0 59 0
15060 52 0 0 0 0 0 0 0 0 0 0 0 0 58 0
2152 0 52 0 98 0 0 0 0 0 0 0 0 0 0 0
5560 0 0 0 0 0 0 73 0 0 0 0 52 100 0 0
445 53 0 68 75 0 99 0 63 0 100 68 0 59 76 0
6090 0 0 0 0 53 0 0 0 0 0 0 0 0 0 0
32771 0 0 57 0 93 0 0 53 0 0 0 96 0 0 0
3680 0 0 0 0 0 0 0 0 0 0 0 0 0 53 0
25090 0 54 0 0 0 0 0 0 0 0 0 0 0 0 0
3030 0 0 0 0 0 0 0 0 54 0 0 0 0 0 0
1059 0 93 0 67 63 0 92 0 57 54 0 94 55 0 74
15090 0 55 0 0 0 0 0 0 0 0 0 0 0 0 0
7783 0 0 55 0 0 0 0 0 0 0 71 0 0 0 0
6582 0 0 0 0 0 0 0 55 0 0 0 0 0 0 0
56655 0 0 0 0 0 0 0 0 0 0 55 0 0 0 0
45090 0 56 0 0 0 0 0 0 0 0 0 0 0 0 0
1053 0 0 69 0 0 0 0 0 69 0 56 0 58 100 0
15061 57 0 0 0 0 0 0 0 0 69 0 0 0 0 0
35090 0 57 0 0 0 0 0 0 0 0 0 0 0 0 0
5067 0 0 0 0 0 57 0 0 0 85 98 0 0 0 0
6581 0 0 0 0 0 0 57 0 0 0 0 0 0 0 0
44818 0 0 0 0 58 0 0 0 0 0 0 97 0 0 0
7787 0 0 0 0 0 0 58 0 0 0 0 0 0 0 82
631 59 0 91 91 0 0 0 77 0 99 69 0 96 99 0
55090 0 59 0 0 0 0 0 0 0 0 0 0 0 0 0
5069 0 0 0 0 0 59 0 0 0 83 0 0 0 0 0
5052 0 0 0 0 0 0 0 59 0 0 0 0 0 0 0
5050 0 0 0 0 0 0 0 0 59 0 0 0 0 0 0
1040 0 82 0 0 0 0 0 0 0 0 0 59 0 0 0
5071 0 0 0 0 0 60 0 0 0 0 0 0 0 0 0
4040 0 0 0 0 0 0 0 0 60 0 0 0 0 0 0
11670 0 0 0 0 0 0 0 0 0 0 60 0 0 0 0
512 83 0 94 0 0 0 62 0 77 0 61 80 0 75 0
8888 0 0 0 0 0 0 0 0 0 0 0 0 0 0 61
33434 0 0 0 0 0 0 0 94 0 62 0 0 0 0 0
3560 0 0 0 63 0 0 0 0 0 0 0 0 0 0 0
5079 0 0 0 0 0 63 0 0 0 0 0 0 0 0 0
7070 0 0 0 0 0 0 0 0 63 0 0 0 0 0 0
5078 0 0 0 0 0 64 0 0 0 0 0 0 0 0 0
5077 0 0 0 0 0 65 0 0 0 0 0 0 0 0 0
3952 0 0 0 0 0 0 0 0 0 0 0 0 0 65 0
5075 0 0 0 0 0 66 0 0 0 0 0 0 0 0 0
5099 0 0 0 0 0 0 0 0 0 0 0 66 0 0 0
50060 67 0 0 0 0 0 0 0 0 0 0 0 0 0 0
5076 0 0 0 0 0 67 0 0 0 0 93 0 0 0 0
45061 87 0 0 0 0 0 0 0 0 67 0 0 0 0 0
6061 0 0 0 0 0 0 0 0 0 0 0 67 0 0 0
5057 0 0 0 0 0 0 0 0 0 0 0 0 67 0 0
4208 0 0 0 0 0 0 0 0 0 0 0 0 0 67 0
2123 68 0 70 0 0 0 0 0 0 0 0 0 0 0 0
5012 0 0 0 68 0 0 0 0 0 0 0 0 0 0 0
5074 0 0 0 0 0 68 0 0 0 0 0 0 0 0 0
35061 88 0 0 0 0 0 0 0 0 68 0 0 0 0 0
15062 69 0 0 0 0 0 0 0 0 0 0 0 0 0 0
5072 0 0 0 0 0 69 72 0 0 0 0 0 0 0 0
35062 70 0 0 0 0 0 0 0 0 0 0 0 0 0 0
7782 0 70 0 0 0 0 0 0 0 98 0 0 0 0 0
9040 0 0 0 70 0 0 0 0 0 0 0 0 0 0 0
7 0 0 0 0 70 0 0 0 0 0 0 0 0 0 0
5073 0 80 0 0 0 70 0 0 0 0 0 0 0 0 0
5665 0 0 0 0 0 0 0 0 0 0 0 0 0 70 0
9060 0 0 0 0 0 0 0 0 0 0 0 0 0 0 70
25062 71 0 0 0 0 0 0 0 0 0 0 0 0 0 0
4546 0 0 0 71 0 0 0 0 0 0 0 0 0 0 0
4450 0 0 0 0 71 0 0 0 0 0 0 0 0 0 0
7785 0 0 0 0 0 0 0 0 0 0 0 0 71 0 0
65061 72 0 0 0 0 0 0 0 0 0 0 0 0 0 0
6950 0 0 72 0 0 0 0 0 0 0 0 0 0 0 0
6534 0 0 0 0 0 0 0 0 72 0 0 0 0 0 0
5084 0 0 0 0 0 0 0 0 0 0 72 0 0 0 0
32769 0 0 0 0 89 0 0 0 0 0 0 0 0 0 72
6512 0 0 0 0 73 0 0 0 0 0 0 0 0 0 0
1010 0 0 0 0 0 0 0 0 73 0 0 0 0 0 0
55061 89 0 0 0 0 0 0 0 0 73 0 0 0 0 0
5082 0 0 0 0 0 0 74 0 0 0 0 0 0 0 0
12111 0 0 93 0 0 0 0 0 0 0 0 74 0 0 0
6579 75 0 0 0 0 0 0 0 0 0 0 0 0 0 0
5092 0 0 0 0 0 0 75 0 0 0 0 0 0 0 0
27021 0 0 0 80 0 0 0 88 0 0 0 75 0 0 0
5161 0 0 0 0 0 0 0 0 0 0 0 0 0 98 75
5097 0 0 0 0 0 0 0 0 0 0 0 76 0 0 0
6000 77 0 0 0 0 0 0 0 0 0 0 0 0 0 0
5860 0 0 0 0 0 0 77 0 0 0 0 0 0 0 0
5091 0 0 0 0 0 0 0 0 0 0 77 0 0 0 0
5098 0 0 0 0 0 0 0 0 0 0 0 77 0 0 0
32768 0 0 78 0 92 0 0 78 0 0 0 92 0 0 0
5960 0 0 0 0 0 0 78 0 0 0 0 0 0 0 0
5096 0 0 0 0 0 0 0 0 0 0 0 78 0 0 0
7784 0 0 0 79 0 0 0 0 0 0 0 90 0 0 0
6501 0 0 0 0 79 0 0 0 0 0 0 0 0 0 100
5760 0 0 0 0 0 0 79 0 0 0 0 0 0 0 0
5056 0 0 0 0 0 0 0 0 0 0 0 0 79 0 0
2222 0 0 0 0 80 0 0 0 0 0 0 0 0 0 0
6850 0 0 0 0 0 80 0 0 0 0 0 0 0 0 0
5460 0 0 0 0 0 0 80 0 0 0 0 0 0 0 0
6584 0 0 0 81 0 0 0 0 0 0 0 0 0 0 0
5095 0 0 0 0 0 0 0 0 0 0 0 81 0 0 0
9015 0 0 0 0 0 82 0 0 0 0 0 0 0 0 0
5660 0 0 0 0 0 0 82 0 0 0 0 0 0 0 0
5055 0 0 0 0 0 0 0 0 0 0 82 0 0 0 0
5083 0 83 0 0 0 0 0 0 0 0 0 0 0 0 0
50608 0 0 0 0 0 0 83 0 0 0 0 0 0 0 0
799 0 0 0 0 0 0 0 0 0 0 0 0 83 0 0
37 84 0 98 0 0 0 0 97 0 0 0 0 0 0 0
4961 0 0 0 0 0 84 0 0 0 0 0 0 0 0 0
7788 0 0 0 0 0 0 0 84 0 0 0 0 0 0 0
6481 0 0 0 0 0 0 0 0 0 0 0 0 0 0 84
50609 0 0 0 0 0 0 85 0 0 0 0 0 0 0 0
7781 0 0 0 0 0 0 0 0 85 0 0 0 0 0 0
50607 0 0 0 0 0 0 86 0 0 0 0 0 0 0 0
50360 0 0 0 0 0 0 0 0 0 0 0 86 98 0 0
6080 0 0 0 0 87 0 0 0 0 0 0 0 0 0 0
50606 0 0 0 0 0 0 87 0 0 0 0 0 0 0 0
50604 0 0 0 0 0 0 88 0 0 0 0 0 0 0 0
49590 0 0 0 0 0 0 0 0 0 0 88 0 0 0 0
6540 0 89 0 0 0 0 0 0 0 0 0 0 0 0 0
5260 0 0 0 0 0 93 89 0 0 0 0 0 0 0 0
49152 0 0 0 0 0 0 0 0 0 0 89 0 0 0 0
9950 0 0 0 0 0 90 0 0 0 0 0 0 0 0 0
50605 0 0 0 0 0 0 90 0 0 0 0 0 0 0 0
5058 0 0 0 0 0 0 0 0 0 0 0 0 0 90 0
5840 0 0 0 0 0 0 0 0 0 0 0 0 0 0 90
8087 91 0 0 0 0 0 0 0 0 0 0 0 0 0 0
9510 0 91 0 0 0 0 0 0 0 0 0 0 0 0 0
5360 0 0 0 0 0 0 91 0 0 0 0 0 0 0 0
3719 0 0 0 0 0 92 0 0 0 0 0 0 0 0 0
6583 0 0 0 0 0 0 0 0 0 0 0 0 0 0 92
6543 0 0 0 0 0 0 0 93 0 0 0 0 0 0 0
6562 0 0 0 0 0 0 0 0 0 0 0 0 0 0 93
15063 94 0 0 0 0 0 0 0 0 0 0 0 0 0 0
1812 0 0 0 0 94 0 0 0 0 0 0 0 0 0 0
6509 0 0 0 0 0 0 0 0 0 0 0 0 0 0 94
65062 95 0 0 0 0 0 0 0 0 0 0 0 0 0 0
5190 0 95 0 0 0 0 0 0 0 0 0 0 0 0 0
1290 0 0 0 95 0 0 0 0 0 0 0 0 0 0 0
6587 0 0 0 0 0 0 0 0 0 0 0 0 0 0 95
55062 96 0 0 0 0 0 0 0 0 0 0 0 0 0 0
7580 0 0 0 0 0 96 0 0 0 0 0 0 0 0 0
24985 0 0 0 0 0 0 0 96 0 0 0 0 0 0 0
5054 0 0 0 0 0 0 0 0 0 96 0 0 0 0 0
6541 0 0 0 0 0 0 0 0 0 0 0 0 0 0 96
45062 97 0 0 0 0 0 0 0 0 0 0 0 0 0 0
8060 0 0 0 97 0 0 0 0 0 0 0 0 0 0 0
49194 0 0 0 0 97 0 0 0 0 0 0 0 0 0 0
6557 0 0 0 0 0 0 0 0 0 0 0 0 0 0 97
65024 0 0 0 0 98 0 0 0 0 0 0 0 0 0 0
30667 0 0 0 0 0 0 0 98 0 0 0 0 0 0 0
9917 0 99 0 0 0 0 0 0 0 0 0 0 0 0 0
1645 0 0 0 0 99 0 0 0 0 0 0 0 0 0 0
6551 0 0 0 0 0 0 0 0 0 0 0 0 99 0 0
4790 0 100 0 0 0 0 0 0 0 0 0 0 0 0 0
51413 0 0 0 0 0 0 0 100 0 0 0 0 0 0 0
49150 0 0 0 0 0 0 0 0 0 0 100 0 0 0 0
